F_out_list:[ 10.          11.01123596  12.02247191  13.03370787  14.04494382
  15.05617978  16.06741573  17.07865169  18.08988764  19.1011236
  20.11235955  21.12359551  22.13483146  23.14606742  24.15730337
  25.16853933  26.17977528  27.19101124  28.20224719  29.21348315
  30.2247191   31.23595506  32.24719101  33.25842697  34.26966292
  35.28089888  36.29213483  37.30337079  38.31460674  39.3258427
  40.33707865  41.34831461  42.35955056  43.37078652  44.38202247
  45.39325843  46.40449438  47.41573034  48.42696629  49.43820225
  50.4494382   51.46067416  52.47191011  53.48314607  54.49438202
  55.50561798  56.51685393  57.52808989  58.53932584  59.5505618
  60.56179775  61.57303371  62.58426966  63.59550562  64.60674157
  65.61797753  66.62921348  67.64044944  68.65168539  69.66292135
  70.6741573   71.68539326  72.69662921  73.70786517  74.71910112
  75.73033708  76.74157303  77.75280899  78.76404494  79.7752809
  80.78651685  81.79775281  82.80898876  83.82022472  84.83146067
  85.84269663  86.85393258  87.86516854  88.87640449  89.88764045
  90.8988764   91.91011236  92.92134831  93.93258427  94.94382022
  95.95505618  96.96629213  97.97752809  98.98876404 100.        ],
A_proj_list:[ 7.          7.36734694  7.73469388  8.10204082  8.46938776  8.83673469
  9.20408163  9.57142857  9.93877551 10.30612245 10.67346939 11.04081633
 11.40816327 11.7755102  12.14285714 12.51020408 12.87755102 13.24489796
 13.6122449  13.97959184 14.34693878 14.71428571 15.08163265 15.44897959
 15.81632653 16.18367347 16.55102041 16.91836735 17.28571429 17.65306122
 18.02040816 18.3877551  18.75510204 19.12244898 19.48979592 19.85714286
 20.2244898  20.59183673 20.95918367 21.32653061 21.69387755 22.06122449
 22.42857143 22.79591837 23.16326531 23.53061224 23.89795918 24.26530612
 24.63265306 25.        ],
v_w_list:[ 4.          4.55172414  5.10344828  5.65517241  6.20689655  6.75862069
  7.31034483  7.86206897  8.4137931   8.96551724  9.51724138 10.06896552
 10.62068966 11.17241379 11.72413793 12.27586207 12.82758621 13.37931034
 13.93103448 14.48275862 15.03448276 15.5862069  16.13793103 16.68965517
 17.24137931 17.79310345 18.34482759 18.89655172 19.44827586 20.        ],
T_out_list_VW:[ 3027.61287975  3920.41667782  4928.42096597  6051.62574419
  7290.03101248  8643.63677084 10112.44301929 10405.
 10405.         10405.         10405.         10405.
 10405.         10405.         10405.         10405.
 10405.         10405.         10405.         10405.
 10405.         10405.         10405.         10405.
 10405.         10405.         10405.         10405.
 10405.         10405.        ],
P_avg_e_list_VW:[ 1623.27183607  2391.87830467  3371.3390591   4587.21219458
  6065.05580637  7830.42798972  9908.88683989 12185.60684378
 14350.4407786  16401.53539119 18347.41328317 20195.34640163
 21950.93592089 23619.16199783 25204.29682322 26710.01762825
 28139.93605941 29496.79044177 30783.31297331 32001.95022164
 33154.84090624 34243.85332462 35271.92965069 36239.61503953
 37148.81732409 38001.59254626 38798.70663103 39541.7805747
 40232.58265849 40871.37420171],
gamma_out_list_VW:[0.25       0.25       0.25       0.25       0.25       0.25
 0.25       0.28500333 0.32310314 0.35651374 0.38605064 0.41235063
 0.43591815 0.45715802 0.47639883 0.49391014 0.5099151  0.52460006
 0.53812186 0.55061342 0.56218817 0.57294347 0.58296337 0.59232079
 0.60107934 0.60929472 0.61701594 0.62428629 0.63114414 0.63762362],
gamma_in_list_VW:[1.94666667 1.94666667 1.94666667 1.94666667 1.94666667 1.94666667
 1.94666667 1.94666667 1.92151515 1.87121212 1.84606061 1.79575758
 1.74545455 1.69515152 1.64484848 1.59454545 1.55722277 1.511864
 1.47009001 1.4314911  1.39571773 1.36246983 1.31594147 1.28751899
 1.24636364 1.22185185 1.18514392 1.16384207 1.13085966 1.09969697],
cycle_time_list_VW:[282.10616438 247.91147779 221.11023695 199.53850652 181.80175038
 166.96079117 154.35997674 127.90620447 107.42508144  93.116601
  82.27246779  74.03910085  67.48444272  62.14738561  57.72365291
  54.00430823  50.73596126  47.97798113  45.55558343  43.40900428
  41.49196798  39.76808002  38.34577475  36.9235      35.75711536
  34.55934063  33.58553022  32.55954216  31.73426744  30.97080929],
T_out_list_A:[ 5118.45654739  5387.06359652  5655.67064566  5924.27769479
  6192.88474392  6461.49179306  6730.09884219  6998.70589133
  7267.31294046  7535.91998959  7804.52703873  8073.13408786
  8341.741137    8610.34818613  8878.95523526  9147.5622844
  9416.16933353  9684.77638267  9953.3834318  10221.99048093
 10490.59753007 10759.2045792  11027.81162834 11296.41867747
 11565.0257266  11833.63277574 12102.23982487 12370.84687401
 12639.45392314 12908.06097227 13176.66802141 13445.27507054
 13713.88211968 13982.48916881 14251.09621794 14519.70326708
 14788.31031621 15056.91736535 15325.52441448 15594.13146361
 15862.73851275 16131.34556188 16399.95261102 16668.55966015
 16937.16670928 17205.77375842 17474.38080755 17742.98785669
 18011.59490582 18280.20195495],
P_avg_e_list_A:[ 9579.4019046  10082.11104245 10584.8201803  11087.52931815
 11590.238456   12092.94759385 12595.6567317  13098.36586955
 13601.0750074  14103.78414526 14606.49328311 15109.20242096
 15611.91155881 16114.62069666 16617.32983451 17120.03897236
 17622.74811021 18125.45724806 18628.16638591 19130.87552376
 19633.58466161 20136.29379946 20639.00293731 21141.71207516
 21644.42121302 22147.13035087 22649.83948872 23152.54862657
 23655.25776442 24157.96690227 24660.67604012 25163.38517797
 25666.09431582 26168.80345367 26671.51259152 27174.22172937
 27676.93086722 28179.64000507 28682.34914293 29185.05828078
 29687.76741863 30190.47655648 30693.18569433 31195.89483218
 31698.60397003 32201.31310788 32704.02224573 33206.73138358
 33709.44052143 34212.14965928],
T_out_list_FO:[ 3763.53931457  4144.12194188  4385.71049909  4754.6020364
  5123.49357371  5492.38511101  5861.27664832  6230.16818563
  6599.05972293  6750.56453587  7107.94736424  7465.33019261
  7822.71302098  8180.09584935  8537.47867772  8894.86150609
  9252.24433446  9609.62716283  9967.0099912  10324.39281957
 10405.         10405.         10405.         10405.
 10405.         10405.         10405.         10405.
 10405.         10405.         10405.         10405.
 10405.         10405.         10405.         10405.
 10405.         10405.         10405.         10405.
 10405.         10405.         10405.         10405.
 10405.         10405.         10405.         10405.
 10405.         10405.         10405.         10405.
 10405.         10405.         10405.         10405.
 10405.         10405.         10405.         10405.
 10405.         10405.         10405.         10405.
 10405.         10405.         10405.         10405.
 10405.         10405.         10405.         10405.
 10405.         10405.         10405.         10405.
 10405.         10405.         10405.         10405.
 10405.         10405.         10405.         10405.
 10405.         10405.         10405.         10405.
 10405.         10405.        ],
P_avg_e_list_FO:[ 3722.08191827  4169.86169775  4622.16468331  5078.32540959
  5537.19660889  5998.3813693   6461.57662025  6926.72108235
  7393.76935507  7863.83263938  8336.04463521  8809.72965106
  9284.79787916  9761.16504347 10238.7519803  10717.48425636
 11197.2918207  11678.10868684 12159.93618835 12642.80688397
 13125.39262879 13582.79645177 14014.41570517 14422.9213553
 14809.92715354 15177.29917672 15526.79622586 15859.52017545
 16177.06564909 16480.28570231 16770.29243645 17048.14613831
 17314.29232756 17570.02241638 17815.65272353 18051.70379492
 18279.22154694 18498.40885705 18709.64220887 18913.52902213
 19110.70542958 19301.19279889 19485.35258532 19663.60409285
 19836.54221039 20004.08129138 20166.49055906 20324.02103174
 20477.03673654 20625.89246134 20770.52208115 20911.11779149
 21047.85990804 21180.91778736 21310.6242741  21437.12254402
 21560.38199896 21680.53586135 21797.70988871 21912.02289921
 22023.58725295 22132.63842389 22239.30929278 22343.53007927
 22445.39144511 22544.97947195 22642.37595257 22737.65865997
 22830.90159611 22922.17522232 23011.72715046 23099.5028801
 23185.49835779 23269.77192336 23352.37930055 23433.37374499
 23512.80618209 23590.72533571 23667.17784829 23742.20839301
 23815.85977886 23888.33793405 23959.55161457 24029.50194265
 24098.22523402 24165.75637279 24232.12888274 24297.37499441
 24361.52570812 24424.61085338],
gamma_out_list_FO:[0.22       0.22       0.23       0.23       0.23       0.23
 0.23       0.23       0.23       0.24       0.24       0.24
 0.24       0.24       0.24       0.24       0.24       0.24
 0.24       0.24       0.24816371 0.25824735 0.26785287 0.27701691
 0.28577227 0.29414846 0.30217207 0.30986717 0.31725558 0.32435714
 0.33118995 0.33777054 0.34411406 0.3502344  0.35614436 0.36185572
 0.36737935 0.37272532 0.37790296 0.38292091 0.38778723 0.39250939
 0.39709437 0.4015487  0.40587846 0.41008935 0.41418671 0.41817555
 0.42206059 0.42584624 0.42953668 0.43313582 0.43664738 0.44007484
 0.44342151 0.44669052 0.44988483 0.45300722 0.45606038 0.45904681
 0.46196891 0.46482896 0.46762913 0.47037147 0.47305794 0.47569043
 0.47827071 0.48080049 0.48328139 0.48571497 0.48810271 0.49044604
 0.49274631 0.49500482 0.49722283 0.49940154 0.50154208 0.50364556
 0.50571303 0.50774552 0.509744   0.51170941 0.51364264 0.51554457
 0.51741603 0.51925783 0.52107074 0.52285552 0.52461287 0.5263435 ],
gamma_in_list_FO:[0.99090909 1.01606061 1.06636364 1.09151515 1.14181818 1.1669697
 1.19212121 1.24242424 1.26757576 1.29272727 1.31787879 1.3430303
 1.36818182 1.39333333 1.41848485 1.44363636 1.46878788 1.49393939
 1.49393939 1.51909091 1.54424242 1.56939394 1.59454545 1.59454545
 1.61969697 1.61969697 1.64484848 1.64484848 1.67       1.67
 1.69515152 1.69515152 1.69515152 1.72030303 1.72030303 1.72030303
 1.74545455 1.74545455 1.74545455 1.77060606 1.77060606 1.77060606
 1.77060606 1.79575758 1.79575758 1.79575758 1.79575758 1.79575758
 1.82090909 1.82090909 1.82090909 1.82090909 1.82090909 1.82090909
 1.84606061 1.84606061 1.84606061 1.84606061 1.84606061 1.84606061
 1.84606061 1.87121212 1.87121212 1.87121212 1.87121212 1.87121212
 1.87121212 1.87121212 1.87121212 1.87121212 1.89636364 1.89636364
 1.89636364 1.89636364 1.89636364 1.89636364 1.89636364 1.89636364
 1.89636364 1.89636364 1.89636364 1.92151515 1.92151515 1.92151515
 1.92151515 1.92151515 1.92151515 1.92151515 1.92151515 1.92151515],
cycle_time_list_FO:[138.86572143 138.24119513 132.13981245 131.59959443 130.59055663
 130.11865919 129.66667403 128.81760339 128.41833924 123.50562588
 123.1365448  122.78128761 122.43909192 122.1092504  121.79110589
 121.48404702 121.1875043  120.90094659 120.90094659 120.62387792
 116.92912052 112.73613123 109.0132701  105.92564758 102.91723144
 100.42608258  97.93328571  95.87869961  93.77088088  92.04559456
  90.23332666  88.76268794  87.39827462  85.91308959  84.72857736
  83.62063366  82.37246837  81.39643849  80.47746622  79.40709217
  78.58780241  77.81220352  77.07678553  76.18064996  75.51649498
  74.88402584  74.28095314  73.70520518  72.96260744  72.43604105
  71.93165329  71.44802147  70.98384346  70.53792512  69.92211401
  69.50951076  69.11212892  68.72910844  68.35965373  68.0030277
  67.65854641  67.14354762  66.82149353  66.5098065   66.20797261
  65.91551187  65.63197542  65.35694305  65.0900209   64.83083947
  64.4018534   64.157133    63.91917291  63.68768389  63.46239325
  63.24304364  63.02939203  62.82120865  62.61827616  62.42038878
  62.22735153  61.86642008  61.68253786  61.50297884  61.32758472
  61.15620495  60.98869632  60.82492244  60.6647534   60.50806534],
