v_w_adj:[ 0.5         0.74747475  0.99494949  1.24242424  1.48989899  1.73737374
  1.98484848  2.23232323  2.47979798  2.72727273  2.97474747  3.22222222
  3.46969697  3.71717172  3.96464646  4.21212121  4.45959596  4.70707071
  4.95454545  5.2020202   5.44949495  5.6969697   5.94444444  6.19191919
  6.43939394  6.68686869  6.93434343  7.18181818  7.42929293  7.67676768
  7.92424242  8.17171717  8.41919192  8.66666667  8.91414141  9.16161616
  9.40909091  9.65656566  9.9040404  10.15151515 10.3989899  10.64646465
 10.89393939 11.14141414 11.38888889 11.63636364 11.88383838 12.13131313
 12.37878788 12.62626263 12.87373737 13.12121212 13.36868687 13.61616162
 13.86363636 14.11111111 14.35858586 14.60606061 14.85353535 15.1010101
 15.34848485 15.5959596  15.84343434 16.09090909 16.33838384 16.58585859
 16.83333333 17.08080808 17.32828283 17.57575758 17.82323232 18.07070707
 18.31818182 18.56565657 18.81313131 19.06060606 19.30808081 19.55555556
 19.8030303  20.05050505 20.2979798  20.54545455 20.79292929 21.04040404
 21.28787879 21.53535354 21.78282828 22.03030303 22.27777778 22.52525253
 22.77272727 23.02020202 23.26767677 23.51515152 23.76262626 24.01010101
 24.25757576 24.50505051 24.75252525 25.        ]
A_proj_list:[ 7.    7.75  8.5   9.25 10.   10.75 11.5  12.25 13.   13.75 14.5  15.25
 16.   16.75 17.5  18.25 19.   19.75 20.5  21.25 22.   22.75 23.5  24.25
 25.  ]
F_out_list:[ 10.          17.36842105  24.73684211  32.10526316  39.47368421
  46.84210526  54.21052632  61.57894737  68.94736842  76.31578947
  83.68421053  91.05263158  98.42105263 105.78947368 113.15789474
 120.52631579 127.89473684 135.26315789 142.63157895 150.        ]
v_w_n:10
CL_out:1.06
A_proj:16.61276533447632
T_out_target:10300
T_out_max:10300
rho:1.18
lc:250
CD_out:0.15
CD_in:0.1
eff_in:0.639
eff_out:0.652
gamma_out_n:0.4209660338487145
gamma_in_n:1.7706060606060607
P_avg_e_req:20000
max_reel_speed:25
a_elev_out:0.5235987755982988
a_elev_in:1.2217304763960306
SF_supercap:1.2
diameter_drum:0.46586
drum_circum:1.463542353601341
SF_force:1.35
rpm_min:1500
rpm_n:1525
rpm_max:3000
rpm_motor:750
Generator_lim:50000
F_out:52.93404444444445
F_in:0.1
P_w:590.0
P_elec_opt_gamma:44.77918416589034
T_out_n:17395.507368070066
T_out_elev_n:10276.965942649018
T_in_n:752.390843944987
T_in_elev_n:524.0106262747744
P_out:73229.17743522546
P_out_e:47745.423687767
P_out_elev:43262.535928752724
P_out_e_elev:28207.173425546778
P_in:13321.877882335028
P_in_e:20848.009205532126
P_in_elev:9278.16390704093
P_in_e_elev:14519.818320877823
P_avg_mech:56604.100589866866
P_avg_elec:34569.71960473805
P_avg_mech_elev:33170.30575230836
P_avg_elec_elev:20000.0
max_cycle_power_elev:49924.89291531579
P_avg_mech_verif:56604.10058986686
P_avg_elec_verif:34569.71960473805
P_avg_mech_elev_verif:33170.305752308355
P_avg_elec_elev_verif:19999.999999999996
A_proj_u:16.61276533447632
cycle_time:73.50667332705791
t_in:14.11945918192709
t_out:59.38721414513082
v_a_in:23.12187643574474
v_a_out:31.2953533516501
v_kc:30.57108694711195
E_out:465.3181805533072
E_in:56.947772854066976
SC_cap:68.33732742488037
gamma_out_n_init:0.25
gamma_in_n_init:1.9466666666666668
A_proj_init:16.65
P_elec_opt_gamma_in:20044.82657134319
rpm_n_out:172.5810118769065
rpm_n_in:725.8851332518507
GR_min:0.11505400791793767
GR_n:0.11316787664059443
GR_max:0.057527003958968835
GR_motor:0.9678468443358009
gamma_out_v_w_adj:[-8.03516199 -5.08814725 -3.60716014 -2.71615977 -2.12115274 -1.69565353
 -1.37625844 -1.12767947 -0.92871503 -0.76585895 -0.63009947 -0.51519333
 -0.41667846 -0.33128105 -0.25654473 -0.19059037 -0.13195597 -0.07948699
 -0.03225956  0.01047438  0.04932702  0.08480417  0.1173274   0.14725089
  0.17487438  0.20045323  0.22420636  0.24632248  0.2669652   0.28627701
  0.3043826   0.32139156  0.3374006   0.35249536  0.366752    0.38023844
  0.39301545  0.40513756  0.41665388  0.42760871  0.43804213  0.44799051
  0.4574869   0.46656142  0.47524157  0.48355251  0.49151731  0.49915715
  0.50649152  0.51353838  0.52031432  0.52683466  0.5331136   0.53916429
  0.54499897  0.550629    0.55606496  0.56131671  0.56639346  0.57130381
  0.57605582  0.58065703  0.58511448  0.58943483  0.59362431  0.59768876
  0.6016337   0.60546433  0.60918555  0.61280197  0.61631796  0.61973766
  0.62306495  0.62630355  0.62945693  0.63252844  0.6355212   0.63843823
  0.64128234  0.64405625  0.64676251  0.64940359  0.65198179  0.65449935
  0.65695837  0.65936087  0.66170879  0.66400396  0.66624813  0.66844299
  0.67059015  0.67269114  0.67474745  0.67676047  0.67873156  0.68066201
  0.68255308  0.68440596  0.68622178  0.68800166]
P_out_e_adj_wind:[-14.74403901 -13.62084327 -12.49764753 -11.37445179 -10.25125605
  -9.12806031  -8.00486457  -6.88166882  -5.75847308  -4.63527734
  -3.5120816   -2.38888586  -1.26569012  -0.14249438   0.98070136
   2.1038971    3.22709284   4.35028858   5.47348432   6.59668007
   7.71987581   8.84307155   9.96626729  11.08946303  12.21265877
  13.33585451  14.45905025  15.58224599  16.70544173  17.82863747
  18.95183321  20.07502896  21.1982247   22.32142044  23.44461618
  24.56781192  25.69100766  26.8142034   27.93739914  29.06059488
  30.18379062  31.30698636  32.4301821   33.55337785  34.67657359
  35.79976933  36.92296507  38.04616081  39.16935655  40.29255229
  41.41574803  42.53894377  43.66213951  44.78533525  45.90853099
  47.03172674  48.15492248  49.27811822  50.40131396  51.5245097
  52.64770544  53.77090118  54.89409692  56.01729266  57.1404884
  58.26368414  59.38687989  60.51007563  61.63327137  62.75646711
  63.87966285  65.00285859  66.12605433  67.24925007  68.37244581
  69.49564155  70.61883729  71.74203303  72.86522878  73.98842452
  75.11162026  76.234816    77.35801174  78.48120748  79.60440322
  80.72759896  81.8507947   82.97399044  84.09718618  85.22038192
  86.34357767  87.46677341  88.58996915  89.71316489  90.83636063
  91.95955637  93.08275211  94.20594785  95.32914359  96.45233933]
