v_w_n:10
v_w_adj:[ 4.          4.55172414  5.10344828  5.65517241  6.20689655  6.75862069
  7.31034483  7.86206897  8.4137931   8.96551724  9.51724138 10.06896552
 10.62068966 11.17241379 11.72413793 12.27586207 12.82758621 13.37931034
 13.93103448 14.48275862 15.03448276 15.5862069  16.13793103 16.68965517
 17.24137931 17.79310345 18.34482759 18.89655172 19.44827586 20.        ]
CL_out:1.072
A_proj:5.448489667652548
A_proj_list:[ 7.          7.36734694  7.73469388  8.10204082  8.46938776  8.83673469
  9.20408163  9.57142857  9.93877551 10.30612245 10.67346939 11.04081633
 11.40816327 11.7755102  12.14285714 12.51020408 12.87755102 13.24489796
 13.6122449  13.97959184 14.34693878 14.71428571 15.08163265 15.44897959
 15.81632653 16.18367347 16.55102041 16.91836735 17.28571429 17.65306122
 18.02040816 18.3877551  18.75510204 19.12244898 19.48979592 19.85714286
 20.2244898  20.59183673 20.95918367 21.32653061 21.69387755 22.06122449
 22.42857143 22.79591837 23.16326531 23.53061224 23.89795918 24.26530612
 24.63265306 25.        ]
T_out_target:10500
T_out_max:10500
rho:1.18
lc:250
CD_out:0.103
CD_in:0.099
eff_in:0.639
eff_out:0.652
P_avg_e_req:20000
max_reel_speed:25
a_elev_out:0.5235987755982988
a_elev_in:1.2217304763960306
SF_supercap:1.2
diameter_drum:0.46586
drum_circum:1.463542353601341
SF_force:1.35
rpm_min:1500
rpm_n:1525
rpm_max:3000
rpm_motor:750
F_out:116.12076991233862
F_out_list:[ 10.          11.01123596  12.02247191  13.03370787  14.04494382
  15.05617978  16.06741573  17.07865169  18.08988764  19.1011236
  20.11235955  21.12359551  22.13483146  23.14606742  24.15730337
  25.16853933  26.17977528  27.19101124  28.20224719  29.21348315
  30.2247191   31.23595506  32.24719101  33.25842697  34.26966292
  35.28089888  36.29213483  37.30337079  38.31460674  39.3258427
  40.33707865  41.34831461  42.35955056  43.37078652  44.38202247
  45.39325843  46.40449438  47.41573034  48.42696629  49.43820225
  50.4494382   51.46067416  52.47191011  53.48314607  54.49438202
  55.50561798  56.51685393  57.52808989  58.53932584  59.5505618
  60.56179775  61.57303371  62.58426966  63.59550562  64.60674157
  65.61797753  66.62921348  67.64044944  68.65168539  69.66292135
  70.6741573   71.68539326  72.69662921  73.70786517  74.71910112
  75.73033708  76.74157303  77.75280899  78.76404494  79.7752809
  80.78651685  81.79775281  82.80898876  83.82022472  84.83146067
  85.84269663  86.85393258  87.86516854  88.87640449  89.88764045
  90.8988764   91.91011236  92.92134831  93.93258427  94.94382022
  95.95505618  96.96629213  97.97752809  98.98876404 100.        ]
F_in:0.099
P_w:590.0
gamma_out_n:0.26
gamma_in_n:2.5
P_elec_opt_gamma:55758.571371374295
T_out_n:20440.96946231828
T_out_elev_n:13709.439809294468
T_in_n:389.851694822292
T_in_elev_n:285.15187348212186
P_out:53146.52060202753
P_out_e:34651.53143252195
P_out_elev:35644.54350416562
P_out_e_elev:23240.24236471598
P_in:9746.292370557301
P_in_e:15252.413725441786
P_in_elev:7128.796837053046
P_in_e_elev:11156.176583807584
P_avg_mech:47221.83532200143
P_avg_elec:29950.435149525365
P_avg_mech_elev:31615.17086332618
P_avg_elec_elev:20000.0
max_cycle_power_elev:35919.16003642069
P_avg_mech_verif:47221.835322001425
P_avg_elec_verif:29950.43514952537
P_avg_mech_elev_verif:31615.170863326177
P_avg_elec_elev_verif:19999.999999999993
A_proj_u:5.448489667652548
cycle_time:106.15384615384613
t_in:9.999999999999998
t_out:96.15384615384615
v_a_in:29.93342732903859
v_a_out:62.928975608366
v_kc:62.43660218265496
E_out:620.7329696396413
E_in:30.989379424257006
SC_cap:37.18725530910841
