F_out_list:[ 10.          11.01123596  12.02247191  13.03370787  14.04494382
  15.05617978  16.06741573  17.07865169  18.08988764  19.1011236
  20.11235955  21.12359551  22.13483146  23.14606742  24.15730337
  25.16853933  26.17977528  27.19101124  28.20224719  29.21348315
  30.2247191   31.23595506  32.24719101  33.25842697  34.26966292
  35.28089888  36.29213483  37.30337079  38.31460674  39.3258427
  40.33707865  41.34831461  42.35955056  43.37078652  44.38202247
  45.39325843  46.40449438  47.41573034  48.42696629  49.43820225
  50.4494382   51.46067416  52.47191011  53.48314607  54.49438202
  55.50561798  56.51685393  57.52808989  58.53932584  59.5505618
  60.56179775  61.57303371  62.58426966  63.59550562  64.60674157
  65.61797753  66.62921348  67.64044944  68.65168539  69.66292135
  70.6741573   71.68539326  72.69662921  73.70786517  74.71910112
  75.73033708  76.74157303  77.75280899  78.76404494  79.7752809
  80.78651685  81.79775281  82.80898876  83.82022472  84.83146067
  85.84269663  86.85393258  87.86516854  88.87640449  89.88764045
  90.8988764   91.91011236  92.92134831  93.93258427  94.94382022
  95.95505618  96.96629213  97.97752809  98.98876404 100.        ]
A_proj_list:[ 7.          7.36734694  7.73469388  8.10204082  8.46938776  8.83673469
  9.20408163  9.57142857  9.93877551 10.30612245 10.67346939 11.04081633
 11.40816327 11.7755102  12.14285714 12.51020408 12.87755102 13.24489796
 13.6122449  13.97959184 14.34693878 14.71428571 15.08163265 15.44897959
 15.81632653 16.18367347 16.55102041 16.91836735 17.28571429 17.65306122
 18.02040816 18.3877551  18.75510204 19.12244898 19.48979592 19.85714286
 20.2244898  20.59183673 20.95918367 21.32653061 21.69387755 22.06122449
 22.42857143 22.79591837 23.16326531 23.53061224 23.89795918 24.26530612
 24.63265306 25.        ]
v_w_list:[ 4.          4.55172414  5.10344828  5.65517241  6.20689655  6.75862069
  7.31034483  7.86206897  8.4137931   8.96551724  9.51724138 10.06896552
 10.62068966 11.17241379 11.72413793 12.27586207 12.82758621 13.37931034
 13.93103448 14.48275862 15.03448276 15.5862069  16.13793103 16.68965517
 17.24137931 17.79310345 18.34482759 18.89655172 19.44827586 20.        ]
T_out_list_VW:[3027.6128797503416, 3920.416677821787, 4928.420965966967, 6051.625744185878, 7290.031012478527, 8643.636770844912, 10112.443019285029, 10404.999999999996, 10404.999999999998, 10405.000000000002, 10404.999999999998, 10405.0, 10405.0, 10405.000000000004, 10405.0, 10405.000000000002, 10405.0, 10405.000000000002, 10404.999999999996, 10405.000000000004, 10404.999999999996, 10405.0, 10405.0, 10404.999999999998, 10404.999999999996, 10405.0, 10404.999999999996, 10405.000000000005, 10404.999999999996, 10404.999999999996]
P_avg_e_list_VW:[1623.2718360663732, 2391.878304674946, 3371.3390590950844, 4587.212194576673, 6065.0558063696035, 7830.4279897237575, 9908.886839889023, 12185.606843782232, 14350.440778599665, 16401.535391185425, 18347.413283166527, 20195.34640162749, 21950.935920888256, 23619.161997830557, 25204.296823219374, 26710.017628247915, 28139.936059412015, 29496.79044177358, 30783.312973309174, 32001.95022164486, 33154.840906237056, 34243.85332462352, 35271.92965069173, 36239.61503952567, 37148.817324094925, 38001.59254626373, 38798.70663102559, 39541.78057470116, 40232.58265849475, 40871.3742017063]
gamma_out_list_VW:[0.25, 0.25, 0.25, 0.25, 0.25, 0.25, 0.25, 0.2850033267955795, 0.3231031351227177, 0.35651373627113125, 0.3860506445327724, 0.41235063134108285, 0.4359181519874909, 0.4571580162737599, 0.4763988345095565, 0.49391014099382097, 0.5099150985332024, 0.5246000595744904, 0.5381218553847855, 0.5506134191333436, 0.5621881708636591, 0.5729434711440407, 0.5829633662770457, 0.5923207890045629, 0.6010793366775189, 0.6092947186033149, 0.6170159422177848, 0.6242862914606067, 0.6311441386187296, 0.6376236217957147]
gamma_in_list_VW:[1.9466666666666668, 1.9466666666666668, 1.9466666666666668, 1.9466666666666668, 1.9466666666666668, 1.9466666666666668, 1.9466666666666668, 1.9466666666666668, 1.9215151515151516, 1.8712121212121213, 1.8460606060606062, 1.7957575757575759, 1.7454545454545456, 1.6951515151515153, 1.644848484848485, 1.5945454545454547, 1.5572227652872814, 1.511864000833073, 1.4700900090009001, 1.4314911014911016, 1.3957177277360764, 1.3624698310539018, 1.3159414659414659, 1.2875189915685783, 1.2463636363636366, 1.221851851851852, 1.1851439204070782, 1.163842070338421, 1.1308596604341288, 1.0996969696969696]
cycle_time_list_VW:[282.10616438356163, 247.91147779161474, 221.110236949278, 199.53850651520213, 181.8017503805175, 166.9607911657814, 154.35997673817525, 127.90620447057638, 107.42508143932035, 93.11660099957929, 82.27246779097847, 74.03910085420536, 67.48444271767262, 62.14738560677087, 57.723652905409416, 54.00430822518023, 50.73596125617073, 47.9779811330286, 45.55558343016786, 43.40900427778089, 41.4919679814676, 39.76808001862049, 38.34577475478096, 36.923499996118515, 35.75711535679715, 34.55934063001092, 33.58553021518792, 32.5595421564589, 31.73426743525584, 30.970809293896668]
T_out_list_A:[5118.456547387216, 5387.06359652124, 5655.670645655262, 5924.277694789285, 6192.884743923309, 6461.491793057331, 6730.0988421913535, 6998.705891325376, 7267.312940459401, 7535.9199895934225, 7804.527038727446, 8073.134087861471, 8341.741136995492, 8610.348186129517, 8878.955235263538, 9147.562284397563, 9416.169333531583, 9684.776382665608, 9953.38343179963, 10221.990480933653, 10490.597530067676, 10759.2045792017, 11027.811628335723, 11296.418677469745, 11565.02572660377, 11833.632775737791, 12102.239824871815, 12370.846874005838, 12639.45392313986, 12908.060972273885, 13176.668021407908, 13445.27507054193, 13713.882119675949, 13982.489168809974, 14251.096217944001, 14519.70326707802, 14788.310316212044, 15056.917365346068, 15325.52441448009, 15594.131463614112, 15862.738512748136, 16131.34556188216, 16399.952611016186, 16668.559660150204, 16937.16670928423, 17205.77375841825, 17474.380807552276, 17742.987856686297, 18011.594905820322, 18280.20195495434]
P_avg_e_list_A:[9579.401904599174, 10082.111042449858, 10584.820180300543, 11087.52931815123, 11590.238456001916, 12092.947593852601, 12595.656731703286, 13098.365869553973, 13601.075007404657, 14103.78414525534, 14606.493283106029, 15109.202420956717, 15611.911558807398, 16114.620696658087, 16617.329834508768, 17120.038972359456, 17622.74811021014, 18125.45724806083, 18628.16638591151, 19130.8755237622, 19633.584661612884, 20136.293799463572, 20639.002937314257, 21141.71207516494, 21644.421213015627, 22147.13035086631, 22649.839488717, 23152.54862656768, 23655.257764418366, 24157.966902269054, 24660.676040119746, 25163.385177970424, 25666.09431582111, 26168.803453671797, 26671.512591522485, 27174.221729373166, 27676.93086722385, 28179.64000507454, 28682.34914292522, 29185.058280775906, 29687.76741862659, 30190.476556477275, 30693.18569432797, 31195.894832178652, 31698.60397002934, 32201.313107880025, 32704.022245730706, 33206.73138358139, 33709.44052143208, 34212.14965928276]
T_out_list_FO:[3763.5393145659364, 4144.121941881593, 4385.710499093087, 4754.602036399981, 5123.493573706877, 5492.385111013772, 5861.276648320667, 6230.168185627562, 6599.0597229344585, 6750.564535873416, 7107.947364243186, 7465.330192612954, 7822.713020982723, 8180.095849352492, 8537.478677722262, 8894.861506092031, 9252.2443344618, 9609.627162831568, 9967.009991201337, 10324.392819571107, 10405.0, 10405.0, 10405.000000000002, 10405.000000000004, 10404.999999999998, 10405.0, 10404.999999999998, 10405.000000000002, 10404.999999999996, 10404.999999999996, 10405.0, 10404.999999999998, 10405.0, 10405.0, 10405.0, 10404.999999999998, 10404.999999999998, 10405.0, 10405.0, 10405.0, 10404.999999999998, 10405.0, 10405.0, 10405.0, 10405.0, 10405.0, 10405.000000000002, 10405.0, 10405.0, 10405.000000000002, 10404.999999999998, 10404.999999999998, 10405.0, 10405.000000000002, 10405.0, 10405.0, 10405.0, 10405.0, 10404.999999999998, 10405.0, 10405.0, 10404.999999999998, 10405.0, 10405.000000000002, 10405.0, 10405.0, 10405.0, 10405.0, 10405.0, 10404.999999999998, 10405.0, 10405.000000000002, 10405.000000000002, 10405.0, 10404.999999999996, 10404.999999999998, 10405.000000000002, 10405.000000000002, 10405.000000000002, 10405.0, 10405.0, 10404.999999999996, 10405.0, 10405.0, 10405.000000000002, 10405.0, 10405.000000000002, 10405.000000000002, 10404.999999999996, 10404.999999999996]
P_avg_e_list_FO:[3722.0819182657783, 4169.861697746002, 4622.164683311584, 5078.325409590839, 5537.19660888558, 5998.381369302419, 6461.576620249157, 6926.721082350791, 7393.7693550731965, 7863.832639381959, 8336.044635213717, 8809.729651064881, 9284.797879157677, 9761.165043473542, 10238.751980297622, 10717.484256360227, 11197.291820701566, 11678.108686835576, 12159.936188351961, 12642.80688397409, 13125.39262879445, 13582.796451767603, 14014.415705168669, 14422.921355303306, 14809.927153538982, 15177.299176723081, 15526.796225860113, 15859.52017545077, 16177.06564909374, 16480.285702311605, 16770.29243644752, 17048.146138311575, 17314.292327559426, 17570.022416376712, 17815.652723525865, 18051.703794922, 18279.221546943507, 18498.408857047318, 18709.64220887246, 18913.52902212704, 19110.705429578247, 19301.192798887078, 19485.35258531983, 19663.604092850368, 19836.542210389587, 20004.081291378305, 20166.490559055033, 20324.021031739896, 20477.03673654262, 20625.892461343883, 20770.522081149793, 20911.117791494904, 21047.85990804177, 21180.91778736211, 21310.624274098907, 21437.122544016773, 21560.381998964953, 21680.535861352768, 21797.709888708356, 21912.022899214564, 22023.587252947313, 22132.63842389072, 22239.309292782127, 22343.530079266427, 22445.391445108282, 22544.97947194898, 22642.37595257439, 22737.65865996749, 22830.901596113043, 22922.175222324713, 23011.727150459912, 23099.502880097727, 23185.498357789187, 23269.77192335991, 23352.37930055156, 23433.37374498856, 23512.80618208898, 23590.725335714906, 23667.177848285668, 23742.20839301324, 23815.859778861126, 23888.337934052895, 23959.55161456702, 24029.501942645657, 24098.225234019632, 24165.75637278789, 24232.128882740704, 24297.374994405825, 24361.525708116722, 24424.6108533779]
gamma_out_list_FO:[0.22, 0.22, 0.23, 0.23, 0.23, 0.23, 0.23, 0.23, 0.23, 0.24000000000000002, 0.24000000000000002, 0.24000000000000002, 0.24000000000000002, 0.24000000000000002, 0.24000000000000002, 0.24000000000000002, 0.24000000000000002, 0.24000000000000002, 0.24000000000000002, 0.24000000000000002, 0.24816370633170415, 0.258247348398572, 0.2678528739282463, 0.27701690983040994, 0.2857722714553679, 0.29414845786189103, 0.30217207063474594, 0.30986716981821605, 0.3172555778279218, 0.3243571400942563, 0.3311899495341487, 0.3377705406378342, 0.34411405791478367, 0.35023440260828864, 0.3561443609161531, 0.3618557164109002, 0.3673793489102008, 0.37272532168623, 0.37790295860526213, 0.3829209125433946, 0.3877872262209126, 0.3925093864285609, 0.39709437247761686, 0.4015486995871103, 0.40587845782178356, 0.41008934711014544, 0.41418670880061176, 0.4181755541530698, 0.42206059011149616, 0.4258462426590479, 0.42953667801913464, 0.4331358219333866, 0.43664737721933344, 0.44007483978632117, 0.44342151326715507, 0.44669052240467877, 0.44988482531659524, 0.453007224747953, 0.45606037840858965, 0.4590468084821916, 0.46196891038429516, 0.46482896083834446, 0.4676291253316844, 0.47037146500697774, 0.4730579430388842, 0.4756904305408297, 0.478270712042251, 0.4808004905727455, 0.4832813923860394, 0.48571497135354713, 0.4881027130544898, 0.4904460385870345, 0.49274630812266645, 0.4950048242239918, 0.49722283494435643, 0.49940153672603793, 0.5015420771122991, 0.5036455572872695, 0.5057130344564227, 0.5077455240793436, 0.5097440019654915, 0.5117094062427896, 0.5136426392080575, 0.5155445690675811, 0.5174160315754428, 0.5192578315766381, 0.5210707444614461, 0.5228555175370264, 0.5246128713217513, 0.5263435007673645]
gamma_in_list_FO:[0.990909090909091, 1.016060606060606, 1.0663636363636364, 1.0915151515151515, 1.1418181818181818, 1.166969696969697, 1.1921212121212121, 1.2424242424242427, 1.2675757575757578, 1.292727272727273, 1.317878787878788, 1.3430303030303032, 1.3681818181818184, 1.3933333333333335, 1.4184848484848487, 1.4436363636363638, 1.468787878787879, 1.4939393939393941, 1.4939393939393941, 1.5190909090909093, 1.5442424242424244, 1.5693939393939396, 1.5945454545454547, 1.5945454545454547, 1.6196969696969699, 1.6196969696969699, 1.644848484848485, 1.644848484848485, 1.6700000000000002, 1.6700000000000002, 1.6951515151515153, 1.6951515151515153, 1.6951515151515153, 1.7203030303030304, 1.7203030303030304, 1.7203030303030304, 1.7454545454545456, 1.7454545454545456, 1.7454545454545456, 1.7706060606060607, 1.7706060606060607, 1.7706060606060607, 1.7706060606060607, 1.7957575757575759, 1.7957575757575759, 1.7957575757575759, 1.7957575757575759, 1.7957575757575759, 1.820909090909091, 1.820909090909091, 1.820909090909091, 1.820909090909091, 1.820909090909091, 1.820909090909091, 1.8460606060606062, 1.8460606060606062, 1.8460606060606062, 1.8460606060606062, 1.8460606060606062, 1.8460606060606062, 1.8460606060606062, 1.8712121212121213, 1.8712121212121213, 1.8712121212121213, 1.8712121212121213, 1.8712121212121213, 1.8712121212121213, 1.8712121212121213, 1.8712121212121213, 1.8712121212121213, 1.8963636363636365, 1.8963636363636365, 1.8963636363636365, 1.8963636363636365, 1.8963636363636365, 1.8963636363636365, 1.8963636363636365, 1.8963636363636365, 1.8963636363636365, 1.8963636363636365, 1.8963636363636365, 1.9215151515151516, 1.9215151515151516, 1.9215151515151516, 1.9215151515151516, 1.9215151515151516, 1.9215151515151516, 1.9215151515151516, 1.9215151515151516, 1.9215151515151516]
cycle_time_list_FO:[138.86572143452878, 138.24119513054796, 132.13981244671783, 131.5995944282162, 130.59055663251175, 130.11865918507897, 129.6666740346146, 128.81760339342523, 128.41833924061157, 123.50562587904359, 123.13654479957077, 122.7812876052948, 122.4390919158361, 122.10925039872407, 121.79110588905505, 121.4840470193115, 121.1875042981913, 120.90094658553075, 120.90094658553075, 120.62387791741472, 116.92912052291578, 112.73613123219921, 109.01327010043491, 105.92564758079146, 102.91723143827167, 100.42608257879803, 97.93328570811771, 95.87869961366368, 93.77088088128083, 92.04559456011475, 90.23332666333096, 88.76268794158908, 87.39827461783764, 85.91308958804127, 84.72857735539225, 83.62063365712277, 82.37246837435069, 81.39643849474804, 80.47746621628717, 79.40709216584482, 78.5878024113612, 77.81220351977531, 77.07678553237591, 76.18064995729524, 75.5164949822599, 74.88402583836226, 74.28095314400926, 73.70520518340714, 72.96260744024823, 72.43604104636913, 71.93165328780192, 71.4480214709313, 70.98384346320479, 70.53792512425274, 69.9221140136833, 69.50951076277734, 69.11212891626157, 68.72910843742108, 68.35965373445967, 68.00302770082094, 67.65854640673489, 67.14354762319672, 66.82149353099783, 66.5098064974293, 66.20797261102662, 65.91551187218857, 65.63197542316836, 65.3569430461151, 65.09002089932808, 64.83083946562674, 64.40185340255313, 64.15713299875141, 63.919172907732325, 63.687683891552574, 63.46239324951641, 63.24304364412783, 63.029392026052264, 62.82120864846058, 62.61827616218382, 62.420388784035254, 62.22735153147345, 61.8664200750229, 61.6825378578325, 61.50297884033071, 61.32758471507189, 61.1562049506719, 60.98869631610634, 60.82492243966632, 60.664753399653534, 60.50806534417439]
